0 0 0 10
#
-10 -10
-10 10
-8 10
-8 15
-12 15
-12 -15
10 -15
10 -30
-10 -30
-20 -20
-30 -30
-50 -10
-50 0
-60 0
-60 -10
-55 -10
-35 -30
-36 -40
-70 -40
-70 -30
-55 -30
-55 -20
-70 -20
-70 10
-50 10
-50 60
-55 60
-55 20
-70 20
-70 70
-40 70
-40 -10
-30 -10
-30 20
-5 20
-5 10
5 10
5 30
-30 30
-30 70
10 70
10 20
15 20
15 70
30 70
30 -40
-30 -40
-30 -35
-20 -25
-10 -35
20 -35
20 10
10 10
10 -10
#
-25 -5
-25 -10
-15 -10
-15 -5
#
-20 40
-12 40
-12 45
-15 45
-15 55
-5 55
-5 45
-8 45
-8 40
0 40
0 60
-20 60
#
20 20
25 20
25 30
20 30
#
20 40
25 40
25 50
20 50
#
20 60
25 60
25 67
21 67
#
-60 25
-57 27
-57 29
-60 31
-63 31
-65 29
-65 27
-63 25
#
-65 40
-64.5 40
-64 50
-64.5 50
#
-63 40
-62.7 40
-62 50
-62.8 50
#
-63 60
-62.9 60
-62.95 60.1
#
-63 62
-62.9 62
-62.95 62.1
#
-64 61
-63.9 61
-63.95 61.1
#
-65 60
-64.9 60
-64.95 60.1
#
-66 65
-65.9 65
-65.95 65.1
#
-62 67
-61.9 67
-61.95 67.5